140737219920510
140737220966017
140737222005428
140737223038790
140737224066150
140737225087554
140737226103048
140737227112678
140737228116489
140737229114526
140737230106832
140737231093451
140737232074428
140737233049804
140737234019623
140737234983925
140737235942755
140737236896151
140737237844157
140737238786811
140737239724155
140737240656227
140737241583069
140737242504718
140737243421213
140737244332593
140737245238896
140737246140159
140737247036419
140737247927715
140737248814081
140737249695555
